000000000000000000000000000000000000000000000000000000000000000000000000000000000000000000
000000000000000000000000000000000000000000000000000000000000000000000000000000000000000000
000000000000000000000000000000000000000000000000000000000000000000000000000000000000000000
000000000000000000000000000000000000000000000000000000000000000000000000000000000000000000
000000000000000000000000000000000000000000000000000000000000000000000000000000000000000000
000000000000000000000000000000000000000000000000000000000000000000000000000000000000000000
000000000000000000000000000000000000000000000000000000000000000000000000000000000000000000
077777777777777777777777777777777777777777777777777777777777777777777777777777777777777770
077777777777777777777777777777777777777777777777777777777777777777777777777777777777777770
077777777777777777777777777777777777777777777777777777777777777777777777777777777777777770
077777777777777777777777777777777777777777777777777777777777777777777777777777777777777770
077777777777777777777777777777777777777777777777777777777777777777777777777777777777777770
077777777777777777777777777777777777777777777777777777777777777777777777777777777777777770
077777777777777777777777777777777777777777777777777777777777777777777777777777777777777770
077777777777777777777777777777777777777777777777777777777777777777777777777777777777777770
077777777777777777777777777777777777777777777777777777777777777777777777777777777777777770
077777777777777777777777777777777777777777777777777777777777777777777777777777777777777770
077777777777777777777777777777777777777777777777777777777777777777777777777777777777777770
077777777777777777777777777777777777777777777777777777777777777777777777777777777777777770
077777777777777777777777777777777777777777777777777777777777777777777777777777777777777770
077777777777777777777777777777777777777777777777777777777777777777777777777777777777777770
077777777777777777777777777777777777777777777777777777777777777777777777777777777777777770
077777777777777777777777777777777777777777777777777777777777777777777777777777777777777770
077777777777777777777777777777777777777777777777777777777777777777777777777777777777777770
077777777777777777777777777777777777777777777777777777777777777777777777777777777777777770
077777777777777777777777777777777777777777777777777777777777777777777777777777777777777770
077777777777777777777777777777777777777777777777777777777777777777777777777777777777777770
077777777777777777777777777777777777777777777777777777777777777777777777777777777777777770
077777777777777777777777777777777777777777777777777777777777777777777777777777777777777770
077777777777777777777777777777777777777777777777777777777777777777777777777777777777777770
077777777777777777777777777777777777777777777777777777777777777777777777777777777777777770
077777777777777777777777777777777777777777777777777777777777777777777777777777777777777770
077777777777777777777777777777777777777777777777777777777777777777777777777777777777777770
077777777777777777777777777777777777777777777777777777777777777777777777777777777777777770
077777777777777777777777777777777777777777777777777777777777777777777777777777777777777770
077777777777777777777777777777777777777777777777777777777777777777777777777777777777777770
077777777777777777777777777777777777777777777777777777777777777777777777777777777777777770
077777777777777777777777777777777777777777777777777777777777777777777777777777777777777770
077777777777777777777777777777777777777777777777777777777777777777777777777777777777777770
077777777777777777777777777777777777777777777777777777777777777777777777777777777777777770
077777777777777777777777777777777777777777777777777777777777777777777777777777777777777770
077777777777777777777777777777777777777777777777777777777777777777777777777777777777777770
077777777777777777777777777777777777777777777777777777777777777777777777777777777777777770
077777777777777777777777777777777777777777777777777777777777777777777777777777777777777770
077777777777777777777777777777777777777777777777777777777777777777777777777777777777777770
077777777777777777777777777777777777777777777777777777777777777777777777777777777777777770
077777777777777777777777777777777777777777777777777777777777777777777777777777777777777770
077777777777777777777777777777777777777777777777777777777777777777777777777777777777777770
077777777777777777777777777777777777777777777777777777777777777777777777777777777777777770
077777777777777777777777777777777777777777777777777777777777777777777777777777777777777770
077777777777777777777777777777777777777777777777777777777777777777777777777777777777777770
077777777777777777777777777777777777777777777777777777777777777777777777777777777777777770
077777777777777777777777777777777777777777777777777777777777777777777777777777777777777770
077777777777777777777777777777777777777777777777777777777777777777777777777777777777777770
077777777777777777777777777777777777777777777777777777777777777777777777777777777777777770
077777777777777777777777777777777777777777777777777777777777777777777777777777777777777770
077777777777777777777777777777777777777777777777777777777777777777777777777777777777777770
000000000000000000000000000000000000000077777777777770000000000000000000000000000000000000
000000000000000000000000000000000000000001111111111110000000000000000000000000000000000000
000000000000000000000000000000000000000001111111111110000000000000000000000000000000000000
